function el=elpos27()

el=zeros(27,2);
el=[ 90  108;...
     62  123;...
     90  144;...
     45  180;...
     90  180;...
     90  216;...
     62  237;...
     90  252;...
     90   72;...
     62   57;...
     90   36;...
     45    0;...
     90    0;...
     90  -36;...
     62  -57;...
     90  -72;...
     45   90;...
      0   90;...
     45  -90;...
    110  180;...
    110    0;...
     90   90;...
    110  150;...
    110   30;...
    110  200;...
    110  -20;...
     90  -90]; 
el=el/180*pi;
